 25       2212  proton                      938.272000 
  0       -311  anti_kaon0                  497.67200  
  1      -2112  anti_neutron                939.565330 
  2        -12  anti_nu_e                     0.00000 
  3        -14  anti_nu_mu                    0.00000 
  4      -2212  anti_proton                 938.272000 
  6        -11  e+                            0.511000 
  7         11  e-                            0.511000 
  8        221  eta                         547.30000  
  9        331  eta_prime                   957.77000  
 10         22  gamma                         0.00000 
 12        321  kaon+                       493.67700  
 13       -321  kaon-                       493.67700  
 14        311  kaon0                       497.67200  
 15        130  kaon0L                      497.67200  
 16        310  kaon0S                      497.67200  
 17        -13  mu+                         105.65840  
 18         13  mu-                         105.65840  
 19       2112  neutron                     939.565330  
 20         12  nu_e                          0.00000 
 21         14  nu_mu                         0.00000 
 22        211  pi+                         139.570180  
 23       -211  pi-                         139.570180  
 24        111  pi0                         134.976600  

  0        800  undef                      -938.27230   
  0        801  deuteron                   1875.612763   
  0        802  triton                     2809.25000   
  0        803  He3                        2809.23000   
  0        804  alpha                      3727.41700   

289        810  geantino                      0.00000   
225        811  chargedgeantino               0.00000   
  9        812  GenericIon                  938.27230   

  0        825  muon                        105.65840  
  0        826  pion                        139.57000  
  0        827  kaon                        493.67700  

351        223  omega                       782.57000  
358        333  phi                        1019.40000  

  0        521  B+                         5278.90000   
  1       -521  B-                         5278.90000   
  2        511  B0                         5279.20000   
  3        531  Bs0                        5369.20000   
  4        411  D+                         1869.30000   
  5       -411  D-                         1869.30000   
  6        421  D0                         1864.50000   
  7        431  Ds+                        1968.50000   
  8       -431  Ds-                        1968.50000   

 11        443  J/psi                      3096.88000   
 12      12212  N(1440)+                   1440.00000  
 13      12112  N(1440)0                   1440.00000  
 14       2124  N(1520)+                   1520.00000  
 15       1214  N(1520)0                   1520.00000  
 16      22212  N(1535)+                   1535.00000  
 17      22112  N(1535)0                   1535.00000  
 18      32212  N(1650)+                   1650.00000  
 19      32112  N(1650)0                   1650.00000  
 20       2216  N(1675)+                   1675.00000  
 21       2116  N(1675)0                   1675.00000  
 22      12216  N(1680)+                   1680.00000  
 23      12116  N(1680)0                   1680.00000  
 24      22124  N(1700)+                   1700.00000  
 25      21214  N(1700)0                   1700.00000  
 26      42212  N(1710)+                   1710.00000  
 27      42112  N(1710)0                   1710.00000  
 28      32124  N(1720)+                   1720.00000  
 29      31214  N(1720)0                   1720.00000  
 30      42124  N(1900)+                   1850.00000  
 31      41214  N(1900)0                   1850.00000  
 32      12218  N(1990)+                   1950.00000  
 33      12118  N(1990)0                   1950.00000  
 34      52214  N(2090)+                   2000.00000  
 35      52114  N(2090)0                   2000.00000  
 36       2128  N(2190)+                   2190.00000  
 37       1218  N(2190)0                   2190.00000  
 38  100002210  N(2220)+                   2220.00000  
 39  100002110  N(2220)0                   2220.00000  
 40  100012210  N(2250)+                   2250.00000  
 41  100012110  N(2250)0                   2250.00000  
 42      10211  a0(1450)+                  1474.00000  
 43     -10211  a0(1450)-                  1474.00000  
 44      10111  a0(1450)0                  1474.00000  
 45    9000211  a0(980)+                    984.70000  
 46   -9000211  a0(980)-                    984.70000  
 47    9000111  a0(980)0                    984.70000  
 48      20213  a1(1260)+                  1230.00000  
 49     -20213  a1(1260)-                  1230.00000  
 50      20113  a1(1260)0                  1230.00000  
 51        215  a2(1320)+                  1318.00000  
 52       -215  a2(1320)-                  1318.00000  
 53        115  a2(1320)0                  1318.00000  
 54          0  alpha                      3727.41700   
 55       -511  anti_B0                    5279.20000   
 56       -531  anti_Bs0                   5369.20000   
 57       -421  anti_D0                    1864.50000   
 58     -12212  anti_N(1440)+              1440.00000  
 59     -12112  anti_N(1440)0              1440.00000  
 60      -2124  anti_N(1520)+              1520.00000  
 61      -1214  anti_N(1520)0              1520.00000  
 62     -22212  anti_N(1535)+              1535.00000  
 63     -22112  anti_N(1535)0              1535.00000  
 64     -32212  anti_N(1650)+              1650.00000  
 65     -32112  anti_N(1650)0              1650.00000  
 66      -2216  anti_N(1675)+              1675.00000  
 67      -2116  anti_N(1675)0              1675.00000  
 68     -12216  anti_N(1680)+              1680.00000  
 69     -12116  anti_N(1680)0              1680.00000  
 70     -22124  anti_N(1700)+              1700.00000  
 71     -21214  anti_N(1700)0              1700.00000  
 72     -42212  anti_N(1710)+              1710.00000  
 73     -42112  anti_N(1710)0              1710.00000  
 74     -32124  anti_N(1720)+              1720.00000  
 75     -31214  anti_N(1720)0              1720.00000  
 76     -42124  anti_N(1900)+              1850.00000  
 77     -41214  anti_N(1900)0              1850.00000  
 78     -12218  anti_N(1990)+              1950.00000  
 79     -12118  anti_N(1990)0              1950.00000  
 80     -52214  anti_N(2090)+              2000.00000  
 81     -52114  anti_N(2090)0              2000.00000  
 82      -2128  anti_N(2190)+              2190.00000  
 83      -1218  anti_N(2190)0              2190.00000  
 84 -100002210  anti_N(2220)+              2220.00000  
 85 -100002110  anti_N(2220)0              2220.00000  
 86 -100012210  anti_N(2250)+              2250.00000  
 87 -100012110  anti_N(2250)0              2250.00000  
 88         -5  anti_b_quark               4500.00000   
 89         -4  anti_c_quark               1600.00000   
 90         -1  anti_d_quark                 15.00000   
 91      -1103  anti_dd1_diquark             30.00000   
 92     -32214  anti_delta(1600)+          1600.00000  
 93     -32224  anti_delta(1600)++         1600.00000  
 94     -31114  anti_delta(1600)-          1600.00000  
 95     -32114  anti_delta(1600)0          1600.00000  
 96      -2122  anti_delta(1620)+          1620.00000  
 97      -2222  anti_delta(1620)++         1620.00000  
 98      -1112  anti_delta(1620)-          1620.00000  
 99      -1212  anti_delta(1620)0          1620.00000  
100     -12214  anti_delta(1700)+          1700.00000  
101     -12224  anti_delta(1700)++         1700.00000  
102     -11114  anti_delta(1700)-          1700.00000  
103     -12114  anti_delta(1700)0          1700.00000  
104     -12122  anti_delta(1900)+          1840.00000  
105     -12222  anti_delta(1900)++         1840.00000  
106     -11112  anti_delta(1900)-          1840.00000  
107     -11212  anti_delta(1900)0          1840.00000  
108      -2126  anti_delta(1905)+          1905.00000  
109      -2226  anti_delta(1905)++         1905.00000  
110      -1116  anti_delta(1905)-          1905.00000  
111      -1216  anti_delta(1905)0          1905.00000  
112     -22122  anti_delta(1910)+          1910.00000  
113     -22222  anti_delta(1910)++         1910.00000  
114     -21112  anti_delta(1910)-          1910.00000  
115     -21212  anti_delta(1910)0          1910.00000  
116     -22214  anti_delta(1920)+          1920.00000  
117     -22224  anti_delta(1920)++         1920.00000  
118     -21114  anti_delta(1920)-          1920.00000  
119     -22114  anti_delta(1920)0          1920.00000  
120     -12126  anti_delta(1930)+          1930.00000  
121     -12226  anti_delta(1930)++         1930.00000  
122     -11116  anti_delta(1930)-          1930.00000  
123     -11216  anti_delta(1930)0          1930.00000  
124      -2218  anti_delta(1950)+          1950.00000  
125      -2228  anti_delta(1950)++         1950.00000  
126      -1118  anti_delta(1950)-          1950.00000  
127      -2118  anti_delta(1950)0          1950.00000  
128      -2214  anti_delta+                1232.00000  
129      -2224  anti_delta++               1232.00000  
130      -1114  anti_delta-                1232.00000  
131      -2114  anti_delta0                1232.00000  
132    -100311  anti_k(1460)0              1432.40000  
133     -10311  anti_k0_star(1430)0        1412.00000  
134     -10313  anti_k1(1270)0             1272.00000  
135     -20313  anti_k1(1400)0             1402.00000  
136     -10315  anti_k2(1770)0             1773.00000  
137       -315  anti_k2_star(1430)0        1432.40000  
138    -100315  anti_k2_star(1980)0        1973.00000  
139       -317  anti_k3_star(1780)0        1776.00000  
140    -100313  anti_k_star(1410)0         1414.00000  
141     -30313  anti_k_star(1680)0         1717.00000  
142       -313  anti_k_star0                896.10000  
143       -311  anti_kaon0                  497.67200  
144      -3122  anti_lambda                1115.68400  
145     -13122  anti_lambda(1405)          1407.00000  
146      -3124  anti_lambda(1520)          1519.50000  
147     -23122  anti_lambda(1600)          1600.00000  
148     -33122  anti_lambda(1670)          1670.00000  
149     -13124  anti_lambda(1690)          1690.00000  
150     -43122  anti_lambda(1800)          1800.00000  
151     -53122  anti_lambda(1810)          1810.00000  
152      -3126  anti_lambda(1820)          1820.00000  
153     -13126  anti_lambda(1830)          1830.00000  
154     -23124  anti_lambda(1890)          1890.00000  
155      -3128  anti_lambda(2100)          2100.00000  
156     -23126  anti_lambda(2110)          2110.00000  
157      -4122  anti_lambda_c+             2284.90000   
158      -2112  anti_neutron                939.56563   
159        -12  anti_nu_e                     0.00000   
160        -14  anti_nu_mu                    0.00000   
161        -16  anti_nu_tau                   0.00000   
162      -3334  anti_omega-                1672.45000  
163      -4332  anti_omega_c0              2697.50000   
164      -2212  anti_proton                 938.27230   
165         -3  anti_s_quark                300.00000   
166      -3101  anti_sd0_diquark            315.00000   
167      -3103  anti_sd1_diquark            315.00000   
168      -3224  anti_sigma(1385)+          1384.00000  
169      -3114  anti_sigma(1385)-          1384.00000  
170      -3214  anti_sigma(1385)0          1384.00000  
171     -13222  anti_sigma(1660)+          1660.00000  
172     -13112  anti_sigma(1660)-          1660.00000  
173     -13212  anti_sigma(1660)0          1660.00000  
174     -13224  anti_sigma(1670)+          1670.00000  
175     -13114  anti_sigma(1670)-          1670.00000  
176     -13214  anti_sigma(1670)0          1670.00000  
177     -23222  anti_sigma(1750)+          1750.00000  
178     -23112  anti_sigma(1750)-          1750.00000  
179     -23212  anti_sigma(1750)0          1750.00000  
180      -3226  anti_sigma(1775)+          1775.00000  
181      -3116  anti_sigma(1775)-          1775.00000  
182      -3216  anti_sigma(1775)0          1775.00000  
183     -13226  anti_sigma(1915)+          1915.00000  
184     -13116  anti_sigma(1915)-          1915.00000  
185     -13216  anti_sigma(1915)0          1915.00000  
186     -23224  anti_sigma(1940)+          1940.00000  
187     -23114  anti_sigma(1940)-          1940.00000  
188     -23214  anti_sigma(1940)0          1940.00000  
189      -3228  anti_sigma(2030)+          2030.00000  
190      -3118  anti_sigma(2030)-          2030.00000  
191      -3218  anti_sigma(2030)0          2030.00000  
192      -3222  anti_sigma+                1189.37000  
193      -3112  anti_sigma-                1197.44000  
194      -3212  anti_sigma0                1192.55000  
195      -4212  anti_sigma_c+              2451.30000  
196      -4222  anti_sigma_c++             2452.60000  
197      -4112  anti_sigma_c0              2452.10000  
198      -3303  anti_ss1_diquark            600.00000   
199      -3201  anti_su0_diquark            308.00000   
200      -3203  anti_su1_diquark            308.00000   
201         -6  anti_t_quark               174000.00000   
202         -2  anti_u_quark                  8.00000   
203      -2101  anti_ud0_diquark             23.00000   
204      -2103  anti_ud1_diquark             23.00000   
205      -2203  anti_uu1_diquark             16.00000   
206      -3314  anti_xi(1530)-             1532.00000  
207      -3324  anti_xi(1530)0             1532.00000  
208     -23314  anti_xi(1690)-             1700.00000  
209     -23324  anti_xi(1690)0             1700.00000  
210     -13314  anti_xi(1820)-             1823.00000  
211     -13324  anti_xi(1820)0             1823.00000  
212     -33314  anti_xi(1950)-             1950.00000  
213     -33324  anti_xi(1950)0             1950.00000  
214     -13316  anti_xi(2030)-             2025.00000  
215     -13326  anti_xi(2030)0             2025.00000  
216      -3312  anti_xi-                   1321.32000  
217      -3322  anti_xi0                   1314.90000  
218      -4232  anti_xi_c+                 2466.30000   
219      -4132  anti_xi_c0                 2471.80000   
220      10213  b1(1235)+                  1229.50000  
221     -10213  b1(1235)-                  1229.50000  
222      10113  b1(1235)0                  1229.50000  
223          5  b_quark                    4500.00000   
224          4  c_quark                    1600.00000   
226          1  d_quark                      15.00000   
227       1103  dd1_diquark                  30.00000   
228      32214  delta(1600)+               1600.00000  
229      32224  delta(1600)++              1600.00000  
230      31114  delta(1600)-               1600.00000  
231      32114  delta(1600)0               1600.00000  
232       2122  delta(1620)+               1620.00000  
233       2222  delta(1620)++              1620.00000  
234       1112  delta(1620)-               1620.00000  
235       1212  delta(1620)0               1620.00000  
236      12214  delta(1700)+               1700.00000  
237      12224  delta(1700)++              1700.00000  
238      11114  delta(1700)-               1700.00000  
239      12114  delta(1700)0               1700.00000  
240      12122  delta(1900)+               1840.00000  
241      12222  delta(1900)++              1840.00000  
242      11112  delta(1900)-               1840.00000  
243      11212  delta(1900)0               1840.00000  
244       2126  delta(1905)+               1905.00000  
245       2226  delta(1905)++              1905.00000  
246       1116  delta(1905)-               1905.00000  
247       1216  delta(1905)0               1905.00000  
248      22122  delta(1910)+               1910.00000  
249      22222  delta(1910)++              1910.00000  
250      21112  delta(1910)-               1910.00000  
251      21212  delta(1910)0               1910.00000  
252      22214  delta(1920)+               1920.00000  
253      22224  delta(1920)++              1920.00000  
254      21114  delta(1920)-               1920.00000  
255      22114  delta(1920)0               1920.00000  
256      12126  delta(1930)+               1930.00000  
257      12226  delta(1930)++              1930.00000  
258      11116  delta(1930)-               1930.00000  
259      11216  delta(1930)0               1930.00000  
260       2218  delta(1950)+               1950.00000  
261       2228  delta(1950)++              1950.00000  
262       1118  delta(1950)-               1950.00000  
263       2118  delta(1950)0               1950.00000  
264       2214  delta+                     1232.00000  
265       2224  delta++                    1232.00000  
266       1114  delta-                     1232.00000  
267       2114  delta0                     1232.00000  
268          0  deuteron                   1875.61300   
269        -11  e+                            0.51100   
270         11  e-                            0.51100   
271        221  eta                         547.30000  
272     100221  eta(1295)                  1293.00000  
273     100331  eta(1440)                  1440.00000  
274      10225  eta2(1645)                 1632.00000  
275      10335  eta2(1870)                 1854.00000  
276        331  eta_prime                   957.77000  
277      10221  f0(1370)                   1370.00000  
278    9020221  f0(1500)                   1507.00000  
279      10331  f0(1710)                   1713.00000  
280    9000221  f0(600)                     470.00000  
281    9010221  f0(980)                     980.00000  
282      20223  f1(1285)                   1282.00000  
283      20333  f1(1420)                   1426.20000  
284        225  f2(1270)                   1275.40000  
285     100225  f2(1810)                   1815.00000  
286     100335  f2(2010)                   2010.00000  
287        335  f2_prime(1525)             1525.00000  
288         22  gamma                         0.00000   
290         21  gluon                         0.00000   
291      10223  h1(1170)                   1170.00000  
292      10333  h1(1380)                   1386.00000  
293     100321  k(1460)+                   1432.40000  
294    -100321  k(1460)-                   1432.40000  
295     100311  k(1460)0                   1432.40000  
296      10321  k0_star(1430)+             1412.00000  
297     -10321  k0_star(1430)-             1412.00000  
298      10311  k0_star(1430)0             1412.00000  
299      10323  k1(1270)+                  1272.00000  
300     -10323  k1(1270)-                  1272.00000  
301      10313  k1(1270)0                  1272.00000  
302      20323  k1(1400)+                  1402.00000  
303     -20323  k1(1400)-                  1402.00000  
304      20313  k1(1400)0                  1402.00000  
305      10325  k2(1770)+                  1773.00000  
306     -10325  k2(1770)-                  1773.00000  
307      10315  k2(1770)0                  1773.00000  
308        325  k2_star(1430)+             1425.60000  
309       -325  k2_star(1430)-             1425.60000  
310        315  k2_star(1430)0             1432.40000  
311     100325  k2_star(1980)+             1973.00000  
312    -100325  k2_star(1980)-             1973.00000  
313     100315  k2_star(1980)0             1973.00000  
314        327  k3_star(1780)+             1776.00000  
315       -327  k3_star(1780)-             1776.00000  
316        317  k3_star(1780)0             1776.00000  
317     100323  k_star(1410)+              1414.00000  
318    -100323  k_star(1410)-              1414.00000  
319     100313  k_star(1410)0              1414.00000  
320      30323  k_star(1680)+              1717.00000  
321     -30323  k_star(1680)-              1717.00000  
322      30313  k_star(1680)0              1717.00000  
323        323  k_star+                     891.60000  
324       -323  k_star-                     891.60000  
325        313  k_star0                     896.10000  
326        321  kaon+                       493.67700  
327       -321  kaon-                       493.67700  
328        311  kaon0                       497.67200  
329        130  kaon0L                      497.67200  
330        310  kaon0S                      497.67200  
331       3122  lambda                     1115.68400  
332      13122  lambda(1405)               1407.00000  
333       3124  lambda(1520)               1519.50000  
334      23122  lambda(1600)               1600.00000  
335      33122  lambda(1670)               1670.00000  
336      13124  lambda(1690)               1690.00000  
337      43122  lambda(1800)               1800.00000  
338      53122  lambda(1810)               1810.00000  
339       3126  lambda(1820)               1820.00000  
340      13126  lambda(1830)               1830.00000  
341      23124  lambda(1890)               1890.00000  
342       3128  lambda(2100)               2100.00000  
343      23126  lambda(2110)               2110.00000  
344       4122  lambda_c+                  2284.90000   
345        -13  mu+                         105.65840  
346         13  mu-                         105.65840  
347       2112  neutron                     939.56563  
348         12  nu_e                          0.00000   
349         14  nu_mu                         0.00000   
350         16  nu_tau                        0.00000   
351        223  omega                       782.57000  
352     100223  omega(1420)                1419.00000  
353      30223  omega(1600)                1649.00000  
354       3334  omega-                     1672.45000  
355        227  omega3(1670)               1667.00000  
356       4332  omega_c0                   2697.50000   
357          0  opticalphoton                 0.00000   
358        333  phi                        1019.40000  
359     100333  phi(1680)                  1680.00000  
360        337  phi3(1850)                 1854.00000  
361     100211  pi(1300)+                  1300.00000  
362    -100211  pi(1300)-                  1300.00000  
363     100111  pi(1300)0                  1300.00000  
364        211  pi+                         139.57000  
365       -211  pi-                         139.57000  
366        111  pi0                         134.97640  
367      10215  pi2(1670)+                 1670.00000  
368     -10215  pi2(1670)-                 1670.00000  
369      10115  pi2(1670)0                 1670.00000  
370       2212  proton                      938.27230   
371     100213  rho(1450)+                 1465.00000  
372    -100213  rho(1450)-                 1465.00000  
373     100113  rho(1450)0                 1465.00000  
374      30213  rho(1700)+                 1700.00000  
375     -30213  rho(1700)-                 1700.00000  
376      30113  rho(1700)0                 1700.00000  
377        213  rho+                        769.90000  
378       -213  rho-                        769.90000  
379        113  rho0                        771.10000  
380        217  rho3(1690)+                1691.00000  
381       -217  rho3(1690)-                1691.00000  
382        117  rho3(1690)0                1691.00000  
383          3  s_quark                     300.00000   
384       3101  sd0_diquark                 315.00000   
385       3103  sd1_diquark                 315.00000   
386       3224  sigma(1385)+               1384.00000  
387       3114  sigma(1385)-               1384.00000  
388       3214  sigma(1385)0               1384.00000  
389      13222  sigma(1660)+               1660.00000  
390      13112  sigma(1660)-               1660.00000  
391      13212  sigma(1660)0               1660.00000  
392      13224  sigma(1670)+               1670.00000  
393      13114  sigma(1670)-               1670.00000  
394      13214  sigma(1670)0               1670.00000  
395      23222  sigma(1750)+               1750.00000  
396      23112  sigma(1750)-               1750.00000  
397      23212  sigma(1750)0               1750.00000  
398       3226  sigma(1775)+               1775.00000  
399       3116  sigma(1775)-               1775.00000  
400       3216  sigma(1775)0               1775.00000  
401      13226  sigma(1915)+               1915.00000  
402      13116  sigma(1915)-               1915.00000  
403      13216  sigma(1915)0               1915.00000  
404      23224  sigma(1940)+               1940.00000  
405      23114  sigma(1940)-               1940.00000  
406      23214  sigma(1940)0               1940.00000  
407       3228  sigma(2030)+               2030.00000  
408       3118  sigma(2030)-               2030.00000  
409       3218  sigma(2030)0               2030.00000  
410       3222  sigma+                     1189.37000  
411       3112  sigma-                     1197.44000  
412       3212  sigma0                     1192.55000  
413       4212  sigma_c+                   2451.30000  
414       4222  sigma_c++                  2452.60000  
415       4112  sigma_c0                   2452.10000  
416       3303  ss1_diquark                 600.00000   
417       3201  su0_diquark                 308.00000   
418       3203  su1_diquark                 308.00000   
419          6  t_quark                    174000.00000   
420        -15  tau+                       1777.05000  
421         15  tau-                       1777.05000  

423          2  u_quark                       8.00000   
424       2101  ud0_diquark                  23.00000   
425       2103  ud1_diquark                  23.00000   
426       2203  uu1_diquark                  16.00000   
427       3314  xi(1530)-                  1532.00000  
428       3324  xi(1530)0                  1532.00000  
429      23314  xi(1690)-                  1700.00000  
430      23324  xi(1690)0                  1700.00000  
431      13314  xi(1820)-                  1823.00000  
432      13324  xi(1820)0                  1823.00000  
433      33314  xi(1950)-                  1950.00000  
434      33324  xi(1950)0                  1950.00000  
435      13316  xi(2030)-                  2025.00000  
436      13326  xi(2030)0                  2025.00000  
437       3312  xi-                        1321.32000  
438       3322  xi0                        1314.90000  
439       4232  xi_c+                      2466.30000   
440       4132  xi_c0                      2471.80000   

